{
  "accessors": [
    {
      "bufferView": 2,
      "componentType": 5126,
      "count": 11585,
      "max": [
        33.53062438964844,
        66.30328369140625,
        65.80432891845703
      ],
      "min": [
        -33.53062438964844,
        -32.30328369140625,
        -26.80433464050293
      ],
      "type": "VEC3"
    },
    {
      "bufferView": 2,
      "byteOffset": 139020,
      "componentType": 5126,
      "count": 11585,
      "max": [
        0.9999816417694092,
        0.9995035529136658,
        0.9999678730964661
      ],
      "min": [
        -0.9999816417694092,
        -0.9999836087226868,
        -0.9999957084655762
      ],
      "type": "VEC3"
    },
    {
      "bufferView": 1,
      "componentType": 5126,
      "count": 11585,
      "max": [
        0.993320643901825,
        0.9897286295890808
      ],
      "min": [
        0.03976881131529808,
        0.011716652661561966
      ],
      "type": "VEC2"
    },
    {
      "bufferView": 0,
      "componentType": 5125,
      "count": 41904,
      "type": "SCALAR"
    }
  ],
  "asset": {
    "extras": {
      "author": "gelmi.com.br (https://sketchfab.com/rodrigogelmi)",
      "license": "CC-BY-4.0 (http://creativecommons.org/licenses/by/4.0/)",
      "source": "https://sketchfab.com/3d-models/fetus-cdbadf8ba54e44ec9533a546dcd52830",
      "title": "Fetus"
    },
    "generator": "Sketchfab-13.74.0",
    "version": "2.0"
  },
  "bufferViews": [
    {
      "buffer": 0,
      "byteLength": 167616,
      "name": "floatBufferViews",
      "target": 34963
    },
    {
      "buffer": 0,
      "byteLength": 92680,
      "byteOffset": 167616,
      "byteStride": 8,
      "name": "floatBufferViews",
      "target": 34962
    },
    {
      "buffer": 0,
      "byteLength": 278040,
      "byteOffset": 260296,
      "byteStride": 12,
      "name": "floatBufferViews",
      "target": 34962
    }
  ],
  "buffers": [
    {
      "byteLength": 538336,
      "uri": "scene.bin"
    }
  ],
  "extensionsRequired": [
    "KHR_materials_pbrSpecularGlossiness"
  ],
  "extensionsUsed": [
    "KHR_materials_pbrSpecularGlossiness"
  ],
  "materials": [
    {
      "extensions": {
        "KHR_materials_pbrSpecularGlossiness": {
          "diffuseFactor": [
            0.5469729369111547,
            0.1275391668862053,
            0.05389746442702775,
            1.0
          ],
          "glossinessFactor": 0.20304519023296075,
          "specularFactor": [
            0.11428606258609549,
            0.11428606258609549,
            0.11428606258609549
          ]
        }
      },
      "name": "SKIN"
    }
  ],
  "meshes": [
    {
      "name": "Mesh (2)_SKIN_0",
      "primitives": [
        {
          "attributes": {
            "NORMAL": 1,
            "POSITION": 0,
            "TEXCOORD_0": 2
          },
          "indices": 3,
          "material": 0,
          "mode": 4
        }
      ]
    }
  ],
  "nodes": [
    {
      "children": [
        1
      ],
      "matrix": [
        1.0,
        0.0,
        0.0,
        0.0,
        0.0,
        2.220446049250313e-16,
        -1.0,
        0.0,
        0.0,
        1.0,
        2.220446049250313e-16,
        0.0,
        0.0,
        0.0,
        0.0,
        1.0
      ],
      "name": "Sketchfab_model"
    },
    {
      "children": [
        2
      ],
      "matrix": [
        0.009999999776482582,
        0.0,
        0.0,
        0.0,
        0.0,
        0.0,
        0.009999999776482582,
        0.0,
        0.0,
        -0.009999999776482582,
        0.0,
        0.0,
        0.0,
        0.0,
        0.0,
        1.0
      ],
      "name": "scene.fbx"
    },
    {
      "children": [
        3,
        5,
        7,
        10
      ],
      "name": "RootNode"
    },
    {
      "children": [
        4
      ],
      "name": "Mesh (2)"
    },
    {
      "mesh": 0,
      "name": "Mesh (2)_SKIN_0"
    },
    {
      "children": [
        6
      ],
      "matrix": [
        0.8615150419176212,
        -0.2217351262096664,
        -0.45675525870477157,
        0.0,
        0.17647996959223244,
        0.9742823800909757,
        -0.14010233465930655,
        0.0,
        0.4760742094279044,
        0.04009211454945873,
        0.8784907338546883,
        0.0,
        -316.37701416015625,
        95.9324722290039,
        189.9499969482422,
        1.0
      ],
      "name": "Camera"
    },
    {
      "name": "Object_6"
    },
    {
      "children": [
        8
      ],
      "matrix": [
        -0.7322708981723758,
        -0.48992687685161285,
        0.4730232415307379,
        0.0,
        -0.3119342043073813,
        -0.3761405258955406,
        -0.8724765652796338,
        0.0,
        0.6053729295838584,
        -0.7864413265574557,
        0.12261181023704892,
        0.0,
        -58.38022232055664,
        -110.99580383300781,
        -148.83743286132813,
        1.0
      ],
      "name": "Spot Light"
    },
    {
      "children": [
        9
      ],
      "matrix": [
        1.0,
        0.0,
        0.0,
        0.0,
        0.0,
        2.220446049250313e-16,
        1.0,
        0.0,
        0.0,
        -1.0,
        2.220446049250313e-16,
        0.0,
        0.0,
        0.0,
        0.0,
        1.0
      ],
      "name": "Object_8"
    },
    {
      "name": "Object_9"
    },
    {
      "children": [
        11
      ],
      "matrix": [
        0.3320028923526426,
        -0.12916911376240114,
        -0.9343925403808164,
        0.0,
        0.9177058752652858,
        0.2733214680665733,
        0.28829030784525,
        0.0,
        0.21815133731667902,
        -0.9532107401533877,
        0.20928277254273842,
        0.0,
        186.7694091796875,
        18.485475540161133,
        82.58116149902344,
        1.0
      ],
      "name": "Spot Light (2)"
    },
    {
      "children": [
        12
      ],
      "matrix": [
        1.0,
        0.0,
        0.0,
        0.0,
        0.0,
        2.220446049250313e-16,
        1.0,
        0.0,
        0.0,
        -1.0,
        2.220446049250313e-16,
        0.0,
        0.0,
        0.0,
        0.0,
        1.0
      ],
      "name": "Object_11"
    },
    {
      "name": "Object_12"
    }
  ],
  "scene": 0,
  "scenes": [
    {
      "name": "Sketchfab_Scene",
      "nodes": [
        0
      ]
    }
  ]
}
